0.5333015672804322,-0.23042383003121358,0.81
0.5327937547350302,-0.2314003925457655,0.81
0.5314265671127941,-0.23227929880886222,0.81
0.5276765667775181,-0.2291542987622961,0.81
0.5231453163723927,-0.2246132830696297,0.81
0.5226375038269907,-0.22373437680653296,0.81
0.5226375038269907,-0.22373437680653296,0.8300000000000001
0.5225593788200058,-0.2174843767134007,0.81
0.5217390662466641,-0.2187539079823182,0.81
0.5200984410999808,-0.2200234392512357,0.81
0.508301565045258,-0.22173242365170154,0.81
0.5051375022623688,-0.22275781429198105,0.81
0.5051375022623688,-0.22275781429198105,0.8300000000000001
0.522325003799051,-0.2199746111255081,0.81
0.5216609412396792,-0.2220253924060671,0.81
0.521895316260634,-0.22490625182399526,0.81
0.5230671913654078,-0.23535547072970076,0.81
0.524278128973674,-0.24360742397766444,0.81
0.5241218789597042,-0.24473047086939914,0.81
0.5234578164003324,-0.24590234588686144,0.81
0.5226375038269907,-0.24678125214995816,0.81
0.5147468781215139,-0.24546289275531308,0.81
0.5079500025138259,-0.2439980489834852,0.81
0.5059578148357105,-0.24253320521165733,0.81
0.503535939619178,-0.24243554896020214,0.81
0.503535939619178,-0.24243554896020214,0.8300000000000001
0.5147859406250064,-0.22251367366334307,0.81
0.5144734405970667,-0.22314843929780181,0.81
0.5144734405970667,-0.22388086118371575,0.81
0.5159578157297802,-0.23633203324425267,0.81
0.5155671906948556,-0.23877343953063246,0.81
0.5155671906948556,-0.23877343953063246,0.8300000000000001
0.5075593774789013,-0.22368554868080537,0.81
0.5071296899404842,-0.2243203143152641,0.81
0.5070906274369917,-0.22495507994972286,0.81
0.5079500025138259,-0.2370644551301666,0.81
0.5079890650173183,-0.2404824239310983,0.81
0.5079890650173183,-0.2404824239310983,0.8300000000000001
0.48841875076759605,-0.22236718928616028,0.81
0.4869343756348826,-0.22417382993808133,0.81
0.4858015630336012,-0.2245156268181745,0.81
0.48185625018086287,-0.22471093932108488,0.81
0.47189531179028565,-0.22427148618953652,0.81
0.4670124988537282,-0.223246095549257,0.81
0.4644343736232258,-0.223246095549257,0.81
0.4644343736232258,-0.223246095549257,0.8300000000000001
0.487481250683777,-0.22602929871572996,0.81
0.4870125006418675,-0.2267617206016439,0.81
0.4870906256488524,-0.22744531436183024,0.81
0.4891609383339528,-0.2395058614165464,0.81
0.4885359382780734,-0.24111718956555706,0.81
0.4876765632012393,-0.24219140833156416,0.81
0.4792781249503605,-0.24263086146311252,0.81
0.46791093643405474,-0.24263086146311252,0.81
0.4658015612454619,-0.24194726770292618,0.81
0.4631453110079747,-0.24209375208010897,0.81
0.4631453110079747,-0.24209375208010897,0.8300000000000001
0.4778328123211395,-0.22593164246427477,0.81
0.47748124978970735,-0.22651757997300592,0.81
0.47748124978970735,-0.2279335956191062,0.81
0.4785749998874962,-0.23457422071805922,0.81
0.4785359373840038,-0.23686914262725622,0.81
0.4785359373840038,-0.23686914262725622,0.8300000000000001
0.4658406237489544,-0.22510156432690565,0.81
0.46634843629435635,-0.22583398621281958,0.81
0.4667781238327734,-0.22959375189384446,0.81
0.4674421863921452,-0.2370644551301666,0.81
0.4672859363781754,-0.2393593770393636,0.81
0.4672859363781754,-0.2393593770393636,0.8300000000000001
0.4524421850510407,-0.22275781429198105,0.81
0.45185624749865383,-0.22363672055507777,0.81
0.45048905987641774,-0.22466211119535728,0.81
0.44744218460400587,-0.22290429866916384,0.81
0.4438484342826996,-0.22031640800560126,0.81
0.44025468396139333,-0.21724023608476273,0.81
0.43681718365405686,-0.21372461103237583,0.81
0.43591874607373027,-0.21240625163773075,0.81
0.43591874607373027,-0.21240625163773075,0.8300000000000001
0.4410359340312425,-0.21948632986823213,0.81
0.43994218393345363,-0.2197304704968701,0.81
0.43857499631121755,-0.22075586113714962,0.81
0.4372468711924739,-0.22080468926287722,0.81
0.4305671830952633,-0.22046289238278405,0.81
0.4248640575853642,-0.21963281424541492,0.81
0.42232499485835434,-0.2199257829997805,0.81
0.42232499485835434,-0.2199257829997805,0.8300000000000001
0.45357499765232207,-0.2348671894724248,0.81
0.4514265599602368,-0.23970117391945678,0.81
0.44982499731704595,-0.24116601769128465,0.81
0.44982499731704595,-0.24116601769128465,0.8300000000000001
0.44427812182111664,-0.2267617206016439,0.81
0.44400468429666945,-0.22886133000793052,0.81
0.4441218718071468,-0.23071679878557916,0.81
0.445410934422398,-0.23911523641072563,0.81
0.4469734345620964,-0.24692773652714095,0.81
0.4470124970655888,-0.24907617405915516,0.81
0.4470124970655888,-0.24907617405915516,0.8300000000000001
0.443457809247775,-0.2335488300777797,0.81
0.44244218415697106,-0.2349160175981524,0.81
0.43955155889852904,-0.23340234570059692,0.81
0.43740312120644376,-0.23179101755158626,0.81
0.43334062084322794,-0.2278847674933786,0.81
0.43150468317908236,-0.2254921893327264,0.81
0.4302937455708161,-0.22353906430362258,0.81
0.4301765580603387,-0.22285547054343624,0.81
0.429864058032399,-0.22270898616625345,0.81
0.429864058032399,-0.22270898616625345,0.8300000000000001
0.4354499960318208,-0.23179101755158626,0.81
0.43294999580830335,-0.23218164255740703,0.81
0.42607499519363046,-0.23169336130013107,0.81
0.4244343700469472,-0.23213281443167944,0.81
0.42521562011679637,-0.23457422071805922,0.81
0.42892655794858003,-0.24043359580537071,0.81
0.42892655794858003,-0.24043359580537071,0.8300000000000001
0.4428718716953881,-0.24707422090432374,0.81
0.4413874965626746,-0.24824609592178604,0.81
0.4388093713321723,-0.2452675802524027,0.81
0.43630937110865486,-0.2416542989485606,0.81
0.4360749960877001,-0.2416542989485606,0.81
0.4360749960877001,-0.2416542989485606,0.8300000000000001
0.4393953088845592,-0.23501367384960758,0.81
0.43955155889852904,-0.23550195510688354,0.81
0.439121871360112,-0.23667383012434584,0.81
0.43209062073146925,-0.2440957052349404,0.81
0.4285749954171479,-0.24907617405915516,0.81
0.4278718703542836,-0.25259179911154206,0.81
0.427481245319359,-0.2565468772954773,0.81
0.427481245319359,-0.2565468772954773,0.8300000000000001
0.4109187438385561,-0.23154687692294829,0.81
0.40904374367091806,-0.23413476758651086,0.81
0.3908796795469243,-0.2335976582035073,0.81
0.3898249919526279,-0.2325722675632278,0.81
0.3898249919526279,-0.2325722675632278,0.8300000000000001
0.3972468676161952,-0.21807031422213186,0.81
0.3965046800498385,-0.21909570486241137,0.81
0.3949812424136326,-0.22016992362841847,0.81
0.39197342964471316,-0.22036523613132886,0.81
0.3866218666662462,-0.2198769548740529,0.81
0.38666092916973865,-0.2222695330347051,0.81
0.38775467926752755,-0.22705468935600948,0.81
0.38939530441421083,-0.23657617387289065,0.81
0.39021561698755247,-0.24316797084611608,0.81
0.3903328044980299,-0.24619531464122701,0.81
0.3909578045539092,-0.24697656465286855,0.81
0.3909578045539092,-0.24697656465286855,0.8300000000000001
0.40084061793750153,-0.24805078341887565,0.81
0.40033280539209953,-0.24883203343051719,0.81
0.3986140552384313,-0.2499550803222519,0.81
0.3839265539252665,-0.2474648459101445,0.81
0.3839265539252665,-0.2474648459101445,0.8300000000000001
0.36841874003876,-0.22695703310455428,0.81
0.36896561508765446,-0.22744531436183024,0.81
0.36912186510162426,-0.2279824237448338,0.81
0.3709578027657699,-0.23789453326753573,0.81
0.37091874026227745,-0.23984765829663957,0.81
0.3695906151435338,-0.24150781457137782,0.81
0.3662312398431823,-0.23999414267382235,0.81
0.3656062397873029,-0.23916406453645322,0.81
0.3654499897733331,-0.2384316426505393,0.81
0.3654499897733331,-0.2384316426505393,0.8300000000000001
0.3616999894380569,-0.22578515808709199,0.81
0.3624031145009212,-0.22695703310455428,0.81
0.3639656146406196,-0.2372109395073494,0.81
0.3642781146685593,-0.24106836143982946,0.81
0.3639656146406196,-0.24219140833156416,0.81
0.3639656146406196,-0.24219140833156416,0.8300000000000001
0.37029374020639805,-0.22261132991479826,0.81
0.36931717761908656,-0.22402734556089854,0.81
0.36826249002479017,-0.22480859557254007,0.81
0.3618562394520268,-0.22417382993808133,0.81
0.3558015514106955,-0.22256250178907067,0.81
0.35189530106144956,-0.22041406425705645,0.81
0.3489656132995151,-0.21782617359349388,0.81
0.3465437380829826,-0.21450586104401737,0.81
0.34541092548170127,-0.2119179703804548,0.81
0.34541092548170127,-0.2119179703804548,0.8300000000000001
0.3618953019555192,-0.2302773456540308,0.81
0.3615046769205946,-0.23179101755158626,0.81
0.35443436378845944,-0.23975000204518437,0.81
0.3521687385858968,-0.2428261739660229,0.81
0.3502937384182587,-0.24609765838977182,0.81
0.34962967585888693,-0.24956445531643112,0.81
0.3488874882925302,-0.2567421897983877,0.81
0.3488874882925302,-0.2567421897983877,0.8300000000000001
0.35591873892117293,-0.22876367375647533,0.81
0.3533015511871781,-0.23310937694623135,0.81
0.3520515510754194,-0.23428125196369365,0.81
0.3520515510754194,-0.23428125196369365,0.8300000000000001
0.34861405076808294,-0.22749414248755784,0.81
0.3454499879851937,-0.23325586132341414,0.81
0.3441609253699426,-0.2348183613466972,0.81
0.34224686269881205,-0.2358925801127043,0.81
0.34224686269881205,-0.2358925801127043,0.8300000000000001
0.5268562542041764,-0.2713906275166664,0.81
0.5264265666657593,-0.2739296900545014,0.81
0.5285359418543522,-0.292582034082443,0.81
0.5284968793508596,-0.2945839872372744,0.81
0.5282234418264125,-0.2957558622547367,0.81
0.5282234418264125,-0.2957558622547367,0.8300000000000001
0.5318562546512112,-0.27598047133506043,0.81
0.5302546920080203,-0.27803125261561945,0.81
0.5299031294765882,-0.27812890886707464,0.81
0.5221296912815887,-0.27910547138162656,0.81
0.5214656287222169,-0.2784707057471678,0.81
0.5214656287222169,-0.2784707057471678,0.8300000000000001
0.5336921923153568,-0.2878457058868662,0.81
0.5329500047490001,-0.2888222684014181,0.81
0.5318562546512112,-0.28960351841305965,0.81
0.5227937538409606,-0.28735742462959024,0.81
0.5220515662746038,-0.2863808621150383,0.81
0.5220515662746038,-0.2863808621150383,0.8300000000000001
0.519434378540609,-0.2637246117774339,0.81
0.5190046910021919,-0.26650781494390685,0.81
0.5205281286383979,-0.2799843776447233,0.81
0.5218171912536491,-0.29863672167266486,0.81
0.5215437537292018,-0.30127344046195503,0.81
0.5209187536733225,-0.30322656549105886,0.81
0.5209187536733225,-0.30322656549105886,0.8300000000000001
0.516465628275182,-0.2718789087739424,0.81
0.5154109406808857,-0.27344140879722545,0.81
0.5069734399265144,-0.276029299460788,0.81
0.5069734399265144,-0.276029299460788,0.8300000000000001
0.5162312532542274,-0.27480859631759813,0.81
0.5158406282193028,-0.27558984632923966,0.81
0.5174421908624935,-0.2892128934072389,0.81
0.5172078158415389,-0.29199609657371184,0.81
0.5157234407088254,-0.2935097684712673,0.81
0.5133796904992778,-0.292337893453805,0.81
0.507793752499856,-0.290287112173246,0.81
0.507793752499856,-0.290287112173246,0.8300000000000001
0.5122859404014889,-0.27783594011270907,0.81
0.513145315478323,-0.2854042996004864,0.81
0.5129500029608607,-0.2879433621383214,0.81
0.5129500029608607,-0.2879433621383214,0.8300000000000001
0.5196296910580713,-0.28135156516509596,0.81
0.5190437535056844,-0.28262109643401345,0.81
0.5180281284148804,-0.2831093776912894,0.81
0.5098250026814639,-0.2829628933141066,0.81
0.5090046901081223,-0.2821816433024651,0.81
0.5090046901081223,-0.2821816433024651,0.8300000000000001
0.5073250024579465,-0.27695703384961234,0.81
0.5077156274928711,-0.27788476823843666,0.81
0.5086921900801826,-0.28818750276695937,0.81
0.5089656276046298,-0.2891152371557837,0.81
0.5089656276046298,-0.2891152371557837,0.8300000000000001
0.5045906272134744,-0.2799355495189957,0.81
0.5045906272134744,-0.27808008074134705,0.81
0.5031062520807609,-0.276029299460788,0.81
0.5015046894375701,-0.2730019556656771,0.81
0.49994218929787165,-0.2682656274701003,0.81
0.49994218929787165,-0.2682656274701003,0.8300000000000001
0.5056453148077708,-0.2876992215096834,0.81
0.5027156270458363,-0.2934121122198121,0.81
0.5013093769201078,-0.2949746122430952,0.81
0.500059376808349,-0.2956582060032815,0.81
0.500059376808349,-0.2956582060032815,0.8300000000000001
0.49259843864128927,-0.2695351587390178,0.81
0.4906843759701587,-0.27368554942586343,0.81
0.4893562508514151,-0.27471094006614294,0.81
0.4893562508514151,-0.27471094006614294,0.8300000000000001
0.4845125004183501,-0.265042971172079,0.81
0.48310625029262155,-0.2685585962244659,0.81
0.4817781251738779,-0.26997461187056615,0.81
0.4817781251738779,-0.26997461187056615,0.8300000000000001
0.4649421861686278,-0.2680703149671899,0.81
0.4661140612734016,-0.26748437745845877,0.81
0.4681453114550095,-0.2673867212070036,0.81
0.4774031247827224,-0.27353906504868064,0.81
0.4774031247827224,-0.27353906504868064,0.8300000000000001
0.4865828131034504,-0.2751503931976913,0.81
0.4862703130755108,-0.2774941432326159,0.81
0.487481250683777,-0.28506250272039324,0.81
0.4891218758304603,-0.3003457060731307,0.81
0.4884578132710885,-0.30439844050852116,0.81
0.4884578132710885,-0.30439844050852116,0.8300000000000001
0.48130937513196836,-0.27676172134670196,0.81
0.4799421875097323,-0.2783730494957126,0.81
0.47380937446141613,-0.2799843776447233,0.81
0.47380937446141613,-0.2799843776447233,0.8300000000000001
0.48130937513196836,-0.27934961201026454,0.81
0.48103593760752117,-0.28022851827336126,0.81
0.48201250019483266,-0.2852578152233036,0.81
0.4819734376913402,-0.2857460964805796,0.81
0.4813875001389533,-0.2866250027436763,0.81
0.4809968751040287,-0.28706445587522467,0.81
0.4777546873141546,-0.28594140898348996,0.81
0.4769734372443054,-0.2846230495888449,0.81
0.4769734372443054,-0.2846230495888449,0.8300000000000001
0.474903124559205,-0.28086328390782,0.81
0.4754890621115919,-0.28169336204518913,0.81
0.47591874965000897,-0.2846230495888449,0.81
0.4759968746569939,-0.2869179714980419,0.81
0.47572343713254667,-0.2878945340125938,0.81
0.47572343713254667,-0.2878945340125938,0.8300000000000001
0.4872078131593298,-0.2925332059567154,0.81
0.4863093755790032,-0.2944375028600916,0.81
0.4857234380266163,-0.2946816434887296,0.81
0.4669734363502357,-0.2947304716144572,0.81
0.4650593736791052,-0.2944863309858192,0.81
0.4634578110359143,-0.29326562784262933,0.81
0.464278123609256,-0.29087304968197714,0.81
0.4658015612454619,-0.287992190264049,0.81
0.4658015612454619,-0.287992190264049,0.8300000000000001
0.4416218715836294,-0.28286523706265143,0.81
0.43947343389154414,-0.28286523706265143,0.81
0.4341999959200621,-0.27817773699280224,0.81
0.4291609329695348,-0.2718300806482148,0.81
0.4268171827599872,-0.26782617433855194,0.81
0.4251374951098114,-0.26411523678325466,0.81
0.4251374951098114,-0.26411523678325466,0.8300000000000001
0.4483796846878249,-0.2751992213234189,0.81
0.44744218460400587,-0.278812502627261,0.81
0.44544999692589043,-0.28125390891364077,0.81
0.4426765591779258,-0.2835000026971102,0.81
0.43752030871692116,-0.2868203152465867,0.81
0.43373124587815254,-0.28965234653878724,0.81
0.42888749544508753,-0.29424219035718124,0.81
0.42783280785079114,-0.2957558622547367,0.81
0.42755937032634395,-0.29658594039210584,0.81
0.42529374512378126,-0.30586328428034903,0.81
0.42529374512378126,-0.30586328428034903,0.8300000000000001
0.41146561888745053,-0.2696816431162006,0.81
0.40904374367091806,-0.27319726816858747,0.81
0.4073249935172498,-0.2741738306831394,0.81
0.4073249935172498,-0.2741738306831394,0.8300000000000001
0.4041609307343606,-0.2656777368065377,0.81
0.4024031180771999,-0.26875390872737626,0.81
0.4009578054479789,-0.26997461187056615,0.81
0.4009578054479789,-0.26997461187056615,0.8300000000000001
0.3847468664986081,-0.2671425805783656,0.81
0.3859187416033819,-0.26655664306963445,0.81
0.38802811679197474,-0.26636133056672406,0.81
0.3980281176860444,-0.2727578150370391,0.81
0.3980281176860444,-0.2727578150370391,0.8300000000000001
0.41435624414589256,-0.28384179957720335,0.81
0.41345780656556597,-0.28496484646893805,0.81
0.4126765564957168,-0.2853066433490312,0.81
0.41107499385252594,-0.2843789089602069,0.81
0.4070124934893101,-0.281107424536458,0.81
0.40427811824483795,-0.27812890886707464,0.81
0.40361405568546616,-0.27700586197533994,0.81
0.40361405568546616,-0.27700586197533994,0.8300000000000001
0.4075203060347121,-0.2833046901941998,0.81
0.40787186856614427,-0.2843789089602069,0.81
0.4082234310975764,-0.28935937778442167,0.81
0.40931718119536525,-0.29531640912318835,0.81
0.40943436870584266,-0.29853906542120967,0.81
0.40943436870584266,-0.29853906542120967,0.8300000000000001
0.4042390557413455,-0.2819375026738271,0.81
0.40216874305624517,-0.283158205817017,0.81
0.39974686783971264,-0.28252344018255826,0.81
0.39462967988220043,-0.28042383077627164,0.81
0.3892781169037335,-0.2772988307297055,0.81
0.3883796793234069,-0.2772500026039779,0.81
0.3881062417989597,-0.278812502627261,0.81
0.3886921793513466,-0.28740625275531784,0.81
0.38841874182689934,-0.29634179976346786,0.81
0.3881062417989597,-0.29873437792412005,0.81
0.3866218666662462,-0.3018593779706862,0.81
0.3866218666662462,-0.3018593779706862,0.8300000000000001
0.40341874316800386,-0.2844277370859345,0.81
0.40294999312609436,-0.2852578152233036,0.81
0.4029890556295868,-0.2857949246063072,0.81
0.4043562432518229,-0.2934121122198121,0.81
0.4041609307343606,-0.2947792997401848,0.81
0.40291093062260186,-0.2961953153862851,0.81
0.390684367029462,-0.29438867473436403,0.81
0.38587967909988946,-0.29316797159117414,0.81
0.38302811634493994,-0.29184961219652905,0.81
0.38224686627509075,-0.2911171903106151,0.81
0.38154374121222645,-0.2898476590416976,0.81
0.38408280393923633,-0.2852578152233036,0.81
0.38408280393923633,-0.2852578152233036,0.8300000000000001
0.40103593045496383,-0.28730859650386265,0.81
0.39927811779780314,-0.2887734402756905,0.81
0.39857499273493885,-0.2889199246528733,0.81
0.39857499273493885,-0.2889199246528733,0.8300000000000001
0.3956062424695119,-0.2738320338030462,0.81
0.39521561743458733,-0.2764687525923364,0.81
0.3965046800498385,-0.28931054965869407,0.81
0.39720780511270276,-0.3016152373420482,0.81
0.3963874925393611,-0.3051308623944351,0.81
0.3963874925393611,-0.3051308623944351,0.8300000000000001
0.394082804833306,-0.2855507839776692,0.81
0.3925203046936076,-0.28725976837813505,0.81
0.3913484295888338,-0.287748049635411,0.81
0.3913484295888338,-0.287748049635411,0.8300000000000001
0.36994217767496596,-0.2679726587157347,0.81
0.3678328024863731,-0.2719765650253976,0.81
0.36627030234667474,-0.2731484400428599,0.81
0.36627030234667474,-0.2731484400428599,0.8300000000000001
0.3623249894939363,-0.26523828367498936,0.81
0.36072342685074543,-0.2684121118472831,0.81
0.3593171767250169,-0.26973047124192817,0.81
0.3593171767250169,-0.26973047124192817,0.8300000000000001
0.34349686281057074,-0.26743554933273117,0.81
0.3446296754118521,-0.266849611824,0.81
0.34666092559345996,-0.26670312744681723,0.81
0.35681717650149947,-0.27319726816858747,0.81
0.35681717650149947,-0.27319726816858747,0.8300000000000001
0.3738484280242119,-0.2845742214631173,0.81
0.37205155286355873,-0.2888222684014181,0.81
0.37052811522735285,-0.2901894559217908,0.81
0.37052811522735285,-0.2901894559217908,0.8300000000000001
0.3659968648222275,-0.27788476823843666,0.81
0.3657234272977803,-0.27895898700444377,0.81
0.3657234272977803,-0.28125390891364077,0.81
0.367989052500343,-0.2960976591348299,0.81
0.3681062400108203,-0.29868554979839246,0.81
0.3681062400108203,-0.29868554979839246,0.8300000000000001
0.36470780220697635,-0.2869179714980419,0.81
0.3643562396755442,-0.285697268354852,0.81
0.3637703021231573,-0.28501367459466564,0.81
0.3619343644590117,-0.28389062770293094,0.81
0.35935623922850934,-0.28164453391946154,0.81
0.3583406141377054,-0.28144922141655115,0.81
0.35841873914469036,-0.28364648707429296,0.81
0.36017655180185104,-0.2913125028135255,0.81
0.3600984267948661,-0.29277734658535337,0.81
0.3600984267948661,-0.29277734658535337,0.8300000000000001
0.36322342707426286,-0.29092187780770473,0.81
0.36037186431931334,-0.2947792997401848,0.81
0.3586531141656451,-0.2957558622547367,0.81
0.3586531141656451,-0.2957558622547367,0.8300000000000001
0.3544734262919519,-0.278324221369985,0.81
0.35384842623607254,-0.27915429950735415,0.81
0.352949988655746,-0.2797402370160853,0.81
0.3508406134671532,-0.27930078388453694,0.81
0.34755936317378655,-0.27798242448989186,0.81
0.3450593629502691,-0.276029299460788,0.81
0.3439656128524803,-0.27441797131177736,0.81
0.34322342528612354,-0.27231836190549075,0.81
0.34322342528612354,-0.27231836190549075,0.8300000000000001
0.3545906138024293,-0.28491601834321045,0.81
0.35326248868368565,-0.28608789336067275,0.81
0.3438484253420029,-0.2857460964805796,0.81
0.3438484253420029,-0.2857460964805796,0.8300000000000001
0.3563874889630824,-0.2913613309392531,0.81
0.35513748885132373,-0.2926796903338982,0.81
0.3479890507122036,-0.2924355497052602,0.81
0.34580155051662587,-0.29292383096253616,0.81
0.3445124879013747,-0.2939003934770881,0.81
0.3437312378315255,-0.2960000028833747,0.81
0.3435359253140632,-0.29878320604984765,0.81
0.3438484253420029,-0.30132226858768263,0.81
0.3444343628943898,-0.3027382842337829,0.81
0.3450203004467767,-0.30351953424542444,0.81
0.3496687383623794,-0.30381250299979,0.81
0.3496687383623794,-0.30381250299979,0.8300000000000001
0.5304500045254826,-0.3212441438845417,0.81
0.529200004413724,-0.3222207063990936,0.81
0.5274421917565633,-0.3211464876330865,0.81
0.5239265664422419,-0.3177773469578824,0.81
0.5225203163165133,-0.31592187818023376,0.81
0.5220125037711114,-0.3146035187855887,0.81
0.5217000037431717,-0.3145058625341335,0.81
0.5217000037431717,-0.3145058625341335,0.8300000000000001
0.5302156295045279,-0.32773828460631194,0.81
0.5283406293368899,-0.33208398779606796,0.81
0.5270906292251312,-0.33325586281353026,0.81
0.5270906292251312,-0.33325586281353026,0.8300000000000001
0.5239656289457344,-0.3271035189718532,0.81
0.5234187538968399,-0.32549219082284253,0.81
0.5192781285266392,-0.322660159530642,0.81
0.5138093780376949,-0.31733789382633404,0.81
0.5109187527792528,-0.31362695627103676,0.81
0.5094734401500318,-0.3110390656074742,0.81
0.5094734401500318,-0.3110390656074742,0.8300000000000001
0.5212312537012622,-0.3261269564573013,0.81
0.521387503715232,-0.3267128939660324,0.81
0.519434378540609,-0.33081445652715047,0.81
0.51849687845679,-0.33227930029897834,0.81
0.5171687533380463,-0.33325586281353026,0.81
0.5171687533380463,-0.33325586281353026,0.8300000000000001
0.5129890654643532,-0.31846094071806874,0.81
0.5129109404573683,-0.3191933626039827,0.81
0.5121296903875191,-0.3197793001127138,0.81
0.5049031272414141,-0.32158594076463487,0.81
0.5049031272414141,-0.32158594076463487,0.8300000000000001
0.512715627939906,-0.3210976595073589,0.81
0.513223440485308,-0.32202539389618323,0.81
0.5138093780376949,-0.3255410189485701,0.81
0.5143562530865893,-0.3272988314747636,0.81
0.5142781280796044,-0.3290078158752294,0.81
0.5134187530027703,-0.33003320651550894,0.81
0.5101375027094036,-0.3290078158752294,0.81
0.5094734401500318,-0.3279335971092223,0.81
0.5094734401500318,-0.3279335971092223,0.8300000000000001
0.5077156274928711,-0.3223183626505488,0.81
0.5074812524719163,-0.32285547203355236,0.81
0.5084187525557354,-0.32778711273203953,0.81
0.508301565045258,-0.3305214877727849,0.81
0.508301565045258,-0.3305214877727849,0.8300000000000001
0.5323640671966132,-0.3397011754095729,0.81
0.5320906296721659,-0.34043359729548683,0.81
0.5308796920638997,-0.34160547231294913,0.81
0.5292390669172164,-0.3410683629299456,0.81
0.526739066693699,-0.33999414416393847,0.81
0.522403128806036,-0.3374550816261035,0.81
0.519434378540609,-0.3349160190882685,0.81
0.519434378540609,-0.3349160190882685,0.8300000000000001
0.523340628889855,-0.33926172227802454,0.81
0.5233796913933475,-0.3408242223013076,0.81
0.5249421915330459,-0.34722070677162264,0.81
0.5249421915330459,-0.3485878942919953,0.81
0.5247078165120911,-0.34922265992645407,0.81
0.523848441435257,-0.3500039099380956,0.81
0.5200593785964884,-0.34624414425707073,0.81
0.5200593785964884,-0.34624414425707073,0.8300000000000001
0.5187312534777447,-0.33906640977511415,0.81
0.5172078158415389,-0.3405800816726696,0.81
0.5130281279678457,-0.34004297228966607,0.81
0.5098250026814639,-0.338724612895021,0.81
0.5075593774789013,-0.33682031599164475,0.81
0.5062312523601576,-0.3349160190882685,0.81
0.504981252248399,-0.33208398779606796,0.81
0.5045906272134744,-0.3304726596470573,0.81
0.5045906272134744,-0.3304726596470573,0.8300000000000001
0.5127546904433984,-0.34131250355858356,0.81
0.5115828153386246,-0.3417519566901319,0.81
0.5099812526954338,-0.343314456713415,0.81
0.507364064961439,-0.34604883175416035,0.81
0.5050593772553839,-0.3490273474235437,0.81
0.5046296897169669,-0.3497597693094576,0.81
0.5034578146121931,-0.3560097694025899,0.81
0.5034578146121931,-0.3560097694025899,0.8300000000000001
0.49416093878098766,-0.329544925258233,0.81
0.492403126123827,-0.33350000344216824,0.81
0.49095781349460593,-0.3349160190882685,0.81
0.49095781349460593,-0.3349160190882685,0.8300000000000001
0.48822343825013376,-0.32060937825008295,0.81
0.486973438138375,-0.3210488313816313,0.81
0.4862312505720183,-0.32085351887872093,0.81
0.48283281276817436,-0.31841211259234115,0.81
0.48084062509005887,-0.3180214875865204,0.81
0.48084062509005887,-0.3180214875865204,0.8300000000000001
0.486973438138375,-0.3224648470277316,0.81
0.4865828131034504,-0.32300195641073515,0.81
0.4865046880964655,-0.3236367220451939,0.81
0.4878718757187016,-0.3337441440708062,0.81
0.4887312507955357,-0.345121097365336,0.81
0.4880671882361639,-0.3468300817658019,0.81
0.4872078131593298,-0.3475136755259882,0.81
0.48388750036247075,-0.3441445348507841,0.81
0.48388750036247075,-0.3441445348507841,0.8300000000000001
0.48416093788691794,-0.32646875333739445,0.81
0.4827546877611894,-0.32734765960049117,0.81
0.48150468764943066,-0.32641992521166685,0.81
0.4791609374398831,-0.32392969079955947,0.81
0.47767656230716965,-0.3214882845131797,0.81
0.47767656230716965,-0.3214882845131797,0.8300000000000001
0.4843171879008878,-0.33662500348873436,0.81
0.48209062520181756,-0.3410683629299456,0.81
0.4806453125725966,-0.34238672232459066,0.81
0.4806453125725966,-0.34238672232459066,0.8300000000000001
0.47384843696490864,-0.31953515948407585,0.81
0.47341874942649154,-0.32178125326754525,0.81
0.47345781192998404,-0.32305078453646274,0.81
0.4761531246709637,-0.34009180041539366,0.81
0.4762703121814411,-0.34126367543285596,0.81
0.4759578121535014,-0.3421914098216803,0.81
0.4752156245871447,-0.3431191442105046,0.81
0.47138749924488366,-0.34238672232459066,0.81
0.46673906132928095,-0.3409707066784904,0.81
0.4642390611057635,-0.3395058629066625,0.81
0.462832810980035,-0.3376015660032863,0.81
0.4634578110359143,-0.33574609722563764,0.81
0.46490312366513536,-0.3329140659334371,0.81
0.46490312366513536,-0.3329140659334371,0.8300000000000001
0.480254687537672,-0.3306679721499677,0.81
0.47974687499227,-0.3314980502873368,0.81
0.4785749998874962,-0.33237695655043353,0.81
0.47271562436362724,-0.3303261752698745,0.81
0.46962968658772297,-0.3284707064922259,0.81
0.4670515613572206,-0.3260781283315737,0.81
0.4644734361267183,-0.3225625032791868,0.81
0.4634578110359143,-0.32051172199862776,0.81
0.4623640609381255,-0.31699609694624087,0.81
0.4623640609381255,-0.31699609694624087,0.8300000000000001
0.4520515600161161,-0.3421914098216803,0.81
0.4524031225475483,-0.3409707066784904,0.81
0.4525984350650106,-0.3386757847692934,0.81
0.45037187236594034,-0.33345117531644064,0.81
0.44884843472973446,-0.32881250337231904,0.81
0.44728593459003607,-0.322416018902004,0.81
0.44728593459003607,-0.322416018902004,0.8300000000000001
0.43877030882867984,-0.31484765941422665,0.81
0.43818437127629295,-0.3167031281918753,0.81
0.43810624626930805,-0.31826562821515836,0.81
0.43904374635312704,-0.32544336269711494,0.81
0.44002030894043853,-0.335941409728548,0.81
0.4408796840172727,-0.3486855505434505,0.81
0.4397078089124989,-0.35308008185893414,0.81
0.4397078089124989,-0.35308008185893414,0.8300000000000001
0.44853593470179476,-0.3315468784130644,0.81
0.4479109346459154,-0.33345117531644064,0.81
0.4469734345620964,-0.333890628447989,0.81
0.42076249471865595,-0.33345117531644064,0.81
0.42076249471865595,-0.33345117531644064,0.8300000000000001
0.4096687437267974,-0.3202675813699898,0.81
0.40892655616044066,-0.32168359701609006,0.81
0.407598431041697,-0.32290430015927996,0.81
0.3997078053362202,-0.3249062533141114,0.81
0.39681718007777816,-0.32617578458302887,0.81
0.39681718007777816,-0.32617578458302887,0.8300000000000001
0.40955155621632,-0.32275781578209717,0.81
0.40904374367091806,-0.3246132845597458,0.81
0.41099686884554104,-0.3408242223013076,0.81
0.41099686884554104,-0.3429726598333218,0.81
0.4107624938245863,-0.3439980504736013,0.81
0.40923905618838036,-0.345609378622612,0.81
0.4025984305946622,-0.3431679723362322,0.81
0.3985359302314464,-0.34116601918140077,0.81
0.3972468676161952,-0.34131250355858356,0.81
0.3972468676161952,-0.34131250355858356,0.8300000000000001
0.4035749931819737,-0.3279335971092223,0.81
0.40470780578325505,-0.33589258160282043,0.81
0.4048249932937324,-0.33789453475765185,0.81
0.40459061827277765,-0.33906640977511415,0.81
0.40459061827277765,-0.33906640977511415,0.8300000000000001
0.39857499273493885,-0.3270546908461256,0.81
0.3981453051965218,-0.32764062835485674,0.81
0.3995906178257428,-0.3395058629066625,0.81
0.3995906178257428,-0.3395058629066625,0.8300000000000001
0.4089656186639331,-0.33100976903006085,0.81
0.4080281185801141,-0.3329628940591647,0.81
0.40584061838453633,-0.33330469093925785,0.81
0.38724686672212555,-0.3328164096819819,0.81
0.3864265541487839,-0.33183984716743,0.81
0.3864265541487839,-0.33183984716743,0.8300000000000001
0.3917390546237584,-0.324466800182563,0.81
0.39138749209232626,-0.3279824252349499,0.81
0.392129679658683,-0.33467187845963053,0.81
0.3931062422459945,-0.3394082066552073,0.81
0.39318436725297945,-0.3410683629299456,0.81
0.39294999223202465,-0.3422402379474079,0.81
0.39294999223202465,-0.3422402379474079,0.8300000000000001
0.3843171789601911,-0.3142128937797679,0.81
0.3838484289182816,-0.31719140944915125,0.81
0.38509842903004027,-0.3284707064922259,0.81
0.3865437416592613,-0.34932031617790926,0.81
0.3862312416313216,-0.35200586309292703,0.81
0.38548905406496486,-0.3544960975050344,0.81
0.38548905406496486,-0.3544960975050344,0.8300000000000001
0.36994217767496596,-0.3222207063990936,0.81
0.36877030257019217,-0.3235878939194663,0.81
0.36775467747938817,-0.32412500330246985,0.81
0.3668953024025541,-0.32417383142819745,0.81
0.35287186364876105,-0.32397851892528706,0.81
0.34744217566330915,-0.3232460970393731,0.81
0.3446687379153445,-0.3235390657937387,0.81
0.3446687379153445,-0.3235390657937387,0.8300000000000001
0.3694734276330564,-0.3250039095655666,0.81
0.36896561508765446,-0.32632226896021166,0.81
0.36904374009463936,-0.3272988314747636,0.81
0.37087967775878494,-0.3395546910323901,0.81
0.37021561519941315,-0.3409707066784904,0.81
0.3692781151155941,-0.3420449254444975,0.81
0.34763748818077145,-0.34253320670177345,0.81
0.34599686303408816,-0.3418496129415871,0.81
0.34685623811092225,-0.33804101913483464,0.81
0.34685623811092225,-0.33804101913483464,0.8300000000000001
0.36115311438916253,-0.32549219082284253,0.81
0.361621864431072,-0.32646875333739445,0.81
0.3624812395079061,-0.3336953159450786,0.81
0.3624812395079061,-0.33672265974018956,0.81
0.3624812395079061,-0.33672265974018956,0.8300000000000001
0.3550593638443388,-0.32539453457138734,0.81
0.3554890513827559,-0.32632226896021166,0.81
0.35572342640371063,-0.33105859715578845,0.81
0.35623123894911257,-0.3348671909625409,0.81
0.3561140514386352,-0.33686914411737234,0.81
0.3561140514386352,-0.33686914411737234,0.8300000000000001
0.3464265505725052,-0.3248574251883838,0.81
0.3471296756353695,-0.3261269564573013,0.81
0.34763748818077145,-0.33208398779606796,0.81
0.34794998820871115,-0.33662500348873436,0.81
0.34755936317378655,-0.33906640977511415,0.81
0.34755936317378655,-0.33906640977511415,0.8300000000000001
0.5305281295324675,-0.3742714884247107,0.81
0.5302156295045279,-0.37607812907663174,0.81
0.5302937545115128,-0.37808008223146317,0.81
0.5323250046931207,-0.38960351990317577,0.81
0.5324812547070905,-0.39307031682983506,0.81
0.5324812547070905,-0.39307031682983506,0.8300000000000001
0.5247468790155836,-0.3708046914980514,0.81
0.5236921914212871,-0.37256250402424484,0.81
0.5225593788200058,-0.3732949259101588,0.81
0.517129690834554,-0.37461328530480387,0.81
0.5145125031005591,-0.37578516032226617,0.81
0.5145125031005591,-0.37578516032226617,0.8300000000000001
0.5243171914771665,-0.37373437904170714,0.81
0.5240046914492268,-0.3751015665620798,0.81
0.5262703166517895,-0.389212894897355,0.81
0.5263875041622669,-0.39116601992645883,0.81
0.5260359416308347,-0.3928261762011971,0.81
0.5246687540085986,-0.39424219184729736,0.81
0.5178328158974181,-0.3916054730580072,0.81
0.5160750032402575,-0.3905800824177277,0.81
0.5147859406250064,-0.39072656679491047,0.81
0.5147859406250064,-0.39072656679491047,0.8300000000000001
0.5200203160929959,-0.37734766034554923,0.81
0.5201375036034733,-0.3791054728717427,0.81
0.5212703162047546,-0.38520898858769215,0.81
0.521387503715232,-0.3867714886109752,0.81
0.5211140661907848,-0.3879433636284375,0.81
0.5211140661907848,-0.3879433636284375,0.8300000000000001
0.5160359407367651,-0.3766640665853629,0.81
0.5156453157018405,-0.37715234784263885,0.81
0.517129690834554,-0.3890175823944446,0.81
0.517129690834554,-0.3890175823944446,0.8300000000000001
0.5293171919242013,-0.3800820353862946,0.81
0.5285359418543522,-0.3825234416726744,0.81
0.5282234418264125,-0.382572269798402,0.81
0.5154500031843782,-0.3825234416726744,0.81
0.5120125028770417,-0.38179101978676044,0.81
0.5100203151989262,-0.3810097697751189,0.81
0.5076375024858862,-0.3791543009974703,0.81
0.5058015648217407,-0.3762246134538145,0.81
0.5038875021506101,-0.37143945713251014,0.81
0.5024031270178966,-0.3651894570393779,0.81
0.5024031270178966,-0.3651894570393779,0.8300000000000001
0.5130281279678457,-0.3696816446063167,0.81
0.5129109404573683,-0.37129297275532736,0.81
0.5120125028770417,-0.3740273477960727,0.81
0.5109578152827453,-0.37617578532808693,0.81
0.5054500022903085,-0.38506250421050936,0.81
0.5029890645702835,-0.3901894574119069,0.81
0.5021296894934494,-0.3925332074468315,0.81
0.5016609394515399,-0.3958046918705804,0.81
0.5017390644585248,-0.4043496138729097,0.81
0.5017390644585248,-0.4043496138729097,0.8300000000000001
0.4922078136063647,-0.380277347889205,0.81
0.4919734385854099,-0.3810585979008465,0.81
0.49037187594221904,-0.38281641042703995,0.81
0.46791093643405474,-0.382572269798402,0.81
0.4670124988537282,-0.38154687915812247,0.81
0.4670124988537282,-0.38154687915812247,0.8300000000000001
0.4791999999433756,-0.3844277385760506,0.81
0.47974687499227,-0.38540430109060253,0.81
0.4801765625306871,-0.3891152386458998,0.81
0.48095781260053627,-0.3925820355725591,0.81
0.4810750001110137,-0.3960000043734908,0.81
0.4810750001110137,-0.3960000043734908,0.8300000000000001
0.46529374870005996,-0.3650429726621951,0.81
0.4646687486441806,-0.36684961331411614,0.81
0.46451249863021077,-0.36885156646894757,0.81
0.465723436238477,-0.3808632853979361,0.81
0.4668562488397583,-0.3995644575516053,0.81
0.46556718622450716,-0.4040078169928165,0.81
0.46556718622450716,-0.4040078169928165,0.8300000000000001
0.4370515586750116,-0.36440820702773635,0.81
0.43623124610166997,-0.36792383208012325,0.81
0.43740312120644376,-0.3788613322431047,0.81
0.43865312131820244,-0.39888086379141896,0.81
0.4373640587029513,-0.40342187948408537,0.81
0.4373640587029513,-0.40342187948408537,0.8300000000000001
0.4088093686499633,-0.37685937908827327,0.81
0.4093562436988577,-0.3776406290999148,0.81
0.40990311874775215,-0.38276758230131236,0.81
0.4113093688734807,-0.3913613324293692,0.81
0.4109578063420486,-0.3924355511953763,0.81
0.4097859312372748,-0.3936074262128386,0.81
0.40716874350328,-0.39214258244101075,0.81
0.40627030592295343,-0.3905800824177277,0.81
0.40627030592295343,-0.3905800824177277,0.8300000000000001
0.40388749320991335,-0.37612695720235934,0.81
0.40353593067848126,-0.3765175822081801,0.81
0.4036531181889586,-0.3779335978542804,0.81
0.405215618328657,-0.3905312542920001,0.81
0.40525468083214944,-0.3928261762011971,0.81
0.40490311830071735,-0.3939492230929318,0.81
0.40490311830071735,-0.3939492230929318,0.8300000000000001
0.41099686884554104,-0.3732460977844312,0.81
0.4101765562721994,-0.3743203165504383,0.81
0.4088874936569482,-0.37500391031062463,0.81
0.4011531179654412,-0.37353906653879676,0.81
0.39521561743458733,-0.3716347696354205,0.81
0.3911531170713715,-0.3694375039776787,0.81
0.3885749918408692,-0.3676308633257577,0.81
0.38529374154750257,-0.36465234765637433,0.81
0.38349686638684943,-0.3625039101243601,0.81
0.38349686638684943,-0.3625039101243601,0.8300000000000001
0.3984578052244615,-0.37925195724892546,0.81
0.3982624927069992,-0.3797402385062014,0.81
0.3982234302035067,-0.3822793010440364,0.81
0.39955155532225034,-0.3901406292861793,0.81
0.39955155532225034,-0.3924843793211039,0.81
0.39955155532225034,-0.3924843793211039,0.8300000000000001
0.39236405467963775,-0.3728066446528828,0.81
0.3920515546516981,-0.3741250040475279,0.81
0.3920515546516981,-0.3755410196936282,0.81
0.39306717974250205,-0.3822304729183088,0.81
0.39435624235775324,-0.3960488324992184,0.81
0.39416092984029094,-0.39805078565404983,0.81
0.39365311729488894,-0.39990625443169847,0.81
0.39365311729488894,-0.39990625443169847,0.8300000000000001
0.39209061715519056,-0.38530664483914734,0.81
0.39130936708534136,-0.3834511760614987,0.81
0.38873124185483904,-0.3813027385294845,0.81
0.3861531166243367,-0.3786171916144667,0.81
0.3845906164846383,-0.3778847697285528,0.81
0.3845906164846383,-0.380033207260567,0.81
0.38638749164529146,-0.39184961368664517,0.81
0.38607499161735176,-0.39219141056673834,0.81
0.38607499161735176,-0.39219141056673834,0.8300000000000001
0.389746866945643,-0.3903359417890897,0.81
0.3866218666662462,-0.39414453559584217,0.81
0.3849812415195629,-0.39570703561912524,0.81
0.38302811634493994,-0.39678125438513234,0.81
0.38201249125413594,-0.39678125438513234,0.81
0.38201249125413594,-0.39678125438513234,0.8300000000000001
0.3616999894380569,-0.36338281638745684,0.81
0.3614656144171022,-0.36572656642238144,0.81
0.3633796770882327,-0.3752968790649902,0.81
0.3634968645987101,-0.3778847697285528,0.81
0.3634968645987101,-0.3778847697285528,0.8300000000000001
0.3729890529473778,-0.37139062900678255,0.81
0.37205155286355873,-0.3728066446528828,0.81
0.3708406152552925,-0.3739296915446175,0.81
0.3506843634531833,-0.372904300904338,0.81
0.34509842545376157,-0.3721718790184241,0.81
0.3416218626429327,-0.3721230508926965,0.81
0.3416218626429327,-0.3721230508926965,0.8300000000000001
0.3613874894101173,-0.3721718790184241,0.81
0.36111405188567003,-0.3716835977611481,0.81
0.35841873914469036,-0.37109766025241697,0.81
0.3558796764176805,-0.3695351602291339,0.81
0.351934363564942,-0.3663125039311126,0.81
0.34814530072617345,-0.36225976949572214,0.81
0.34814530072617345,-0.36225976949572214,0.8300000000000001
0.35791092659928836,-0.3745156290533487,0.81
0.35779373908881096,-0.37505273843635223,0.81
0.35712967652943917,-0.3752968790649902,0.81
0.35552811388624833,-0.3778359416028252,0.81
0.35455155129893684,-0.37842187911155634,0.81
0.35455155129893684,-0.37842187911155634,0.8300000000000001
0.3688874900806695,-0.382328129169764,0.81
0.3678328024863731,-0.38418359794741264,0.81
0.3668171773955692,-0.38520898858769215,0.81
0.3668171773955692,-0.38520898858769215,0.8300000000000001
0.37166092782863414,-0.3959023481220356,0.81
0.37048905272386035,-0.39663477000794956,0.81
0.3675203024584334,-0.3925332074468315,0.81
0.3675203024584334,-0.3925332074468315,0.8300000000000001
0.36334061458474026,-0.3801308635120222,0.81
0.3631062395637855,-0.3813027385294845,0.81
0.36322342707426286,-0.3836953166901367,0.81
0.36509842724190095,-0.3952187543618493,0.81
0.3652156147523783,-0.39761133252250147,0.81
0.36498123973142355,-0.39907617629432934,0.81
0.36498123973142355,-0.39907617629432934,0.8300000000000001
0.37396561553468927,-0.3877968792512547,0.81
0.3733406154788099,-0.388968754268717,0.81
0.37224686538102103,-0.38989648865754134,0.81
0.3614656144171022,-0.3891640667716274,0.81
0.3571687390329316,-0.3894082074002654,0.81
0.3571687390329316,-0.3894082074002654,0.8300000000000001
0.3628718645428307,-0.3881875042570755,0.81
0.35916092671104705,-0.3842812541988678,0.81
0.35779373908881096,-0.3820351604153984,0.81
0.35771561408182606,-0.38149805103239487,0.81
0.35740311405388636,-0.3813027385294845,0.81
0.35701248901896177,-0.3801796916377498,0.81
0.35701248901896177,-0.3801796916377498,0.8300000000000001
0.36322342707426286,-0.3905312542920001,0.81
0.3613874894101173,-0.3924843793211039,0.81
0.35880936417961495,-0.3963906293793116,0.81
0.35810623911675066,-0.3993203169229673,0.81
0.35771561408182606,-0.40386133261563373,0.81
0.35771561408182606,-0.40386133261563373,0.8300000000000001
0.35654373897705227,-0.38642969173088204,0.81
0.3559578014246654,-0.387162113616796,0.81
0.3550593638443388,-0.38765039487407194,0.81
0.34873123827856034,-0.3847695354561438,0.81
0.3446687379153445,-0.3936562543385662,0.81
0.34310623777564614,-0.3961953168764012,0.81
0.3411140500975307,-0.3981972700312326,0.81
0.3411140500975307,-0.3981972700312326,0.8300000000000001
0.35404373875353484,-0.39214258244101075,0.81
0.3537312387255952,-0.3927773480754695,0.81
0.3527156136347912,-0.393558598087111,0.81
0.35091873847413807,-0.39321680120701785,0.81
0.34834061324363574,-0.39189844181237277,0.81
0.34548905048868617,-0.3893105511488102,0.81
0.34439530039089733,-0.38750391049688915,0.81
0.3433796753000934,-0.3849160198333266,0.81
0.3425984252302442,-0.3814492229066673,0.81
0.34252030022325924,-0.3789589884945599,0.81
0.34252030022325924,-0.3789589884945599,0.8300000000000001
0.35169998854398726,-0.37705469159118365,0.81
0.3513484260125551,-0.3788125041173771,0.81
0.3527546761382837,-0.3901894574119069,0.81
0.3534968637046404,-0.40000391068315366,0.81
0.35287186364876105,-0.40366602011272334,0.81
0.35287186364876105,-0.40366602011272334,0.8300000000000001
0.35287186364876105,-0.40366602011272334,0.8300000000000001
